/*---------------------------------------------------------------------------*\
| =========                |                                                 |
| \      /  F ield         | OpenFOAM: The Open Source CFD Toolbox           |
|  \    /   O peration     | Script: /home/mauricio/Documents/Unesp/CFD/classyGen/genCylinder.py|
|   \  /    A nd           | Time: 2026-03-25 11:55:19.986842                |
|    \/     M anipulation  |                                                 |
\*---------------------------------------------------------------------------*/
FoamFile
{
    version     2.0;
    format      ascii;
    class       dictionary;
    object      blockMeshDict;
}
// * * * * * * * * * * * * * * * * * * * * * * * * * * * * * * * * * * * * * //

vertices
(
	(62.31980000 16.02550000 65.70400000) // 0
	(62.62688858 15.93551888 65.70400000) // 1
	(62.55813933 15.97040851 65.46019629) // 2
	(62.32501368 16.04329330 65.38453761) // 3
	(58.57140000 24.71750000 59.11320000) // 4
	(58.73039997 24.58704982 58.86804340) // 5
	(58.60651807 24.39781117 58.98731621) // 6
	(58.45841616 24.42905353 59.19340778) // 7
	(62.01271142 16.11548112 65.70400000) // 8
	(62.08941851 16.10775007 65.46019629) // 9
	(58.41240003 24.84795018 59.35835660) // 10
	(58.36383045 24.59692217 59.36150792) // 11
	(62.08146067 16.08059149 65.94780371) // 12
	(62.31458632 16.00770670 66.02346239) // 13
	(58.53628193 25.03718883 59.23908379) // 14
	(58.68438384 25.00594647 59.03299222) // 15
	(62.55018149 15.94324993 65.94780371) // 16
	(58.77896955 24.83807783 58.86489208) // 17
	(62.70366073 15.91302360 65.70400000) // 18
	(62.59583881 15.96169438 65.42163248) // 19
	(58.77014997 24.55443727 58.80675425) // 20
	(58.61207290 24.34724417 58.96740446) // 21
	(62.32631710 16.04774163 65.30467202) // 22
	(58.43017020 24.35694192 59.21345972) // 23
	(62.05297776 16.12076003 65.42163248) // 24
	(58.33099800 24.57784969 59.40078420) // 25
	(61.93593927 16.13797640 65.70400000) // 26
	(58.37265003 24.88056273 59.41964575) // 27
	(62.04376119 16.08930562 65.98636752) // 28
	(58.53072710 25.08775583 59.25899554) // 29
	(62.31328290 16.00325837 66.10332798) // 30
	(58.71262980 25.07805808 59.01294028) // 31
	(62.58662224 15.93023997 65.98636752) // 32
	(58.81180200 24.85715031 58.82561580) // 33
);

blocks
(
	hex ( 0 1 2 3 4 5 6 7 )  ( 10 10 10 ) simpleGrading ( 1.0 1 1 ) // 0 
	hex ( 8 0 3 9 10 4 7 11 )  ( 10 10 10 ) simpleGrading ( 1.0 1 1 ) // 1 
	hex ( 12 13 0 8 14 15 4 10 )  ( 10 10 10 ) simpleGrading ( 1.0 1.0 1 ) // 2 
	hex ( 13 16 1 0 15 17 5 4 )  ( 10 10 10 ) simpleGrading ( 1.0 1.0 1 ) // 3 
	hex ( 1 18 19 2 5 20 21 6 )  ( 10 10 10 ) simpleGrading ( 1 1 1 ) // 4 
	hex ( 2 19 22 3 6 21 23 7 )  ( 10 10 10 ) simpleGrading ( 1 1 1 ) // 5 
	hex ( 3 22 24 9 7 23 25 11 )  ( 10 10 10 ) simpleGrading ( 1 1 1 ) // 6 
	hex ( 9 24 26 8 11 25 27 10 )  ( 10 10 10 ) simpleGrading ( 1 1.0 1 ) // 7 
	hex ( 8 26 28 12 10 27 29 14 )  ( 10 10 10 ) simpleGrading ( 1 1 1 ) // 8 
	hex ( 12 28 30 13 14 29 31 15 )  ( 10 10 10 ) simpleGrading ( 1 1.0 1 ) // 9 
	hex ( 13 30 32 16 15 31 33 17 )  ( 10 10 10 ) simpleGrading ( 1 1.0 1 ) // 10 
	hex ( 16 32 18 1 17 33 20 5 )  ( 10 10 10 ) simpleGrading ( 1 1.0 1 ) // 11 
);

edges
(
		spline 0 4 ((62.34790000 16.12140000 65.70980000) (62.85250000 17.94930000 65.68440000) (63.24420000 19.73200000 65.16450000) (63.11940000 21.32920000 64.17250000) (62.44110000 22.64640000 62.98930000) (61.49630000 23.67100000 61.70360000) (60.26500000 24.35170000 60.43060000) (58.79940000 24.68530000 59.27670000) (62.78240000 17.66070000 65.71210000) (63.20510000 19.45450000 65.26650000) (63.17170000 21.10360000 64.36040000) (62.56050000 22.45590000 63.18490000) (61.66290000 23.52220000 61.90050000) (60.47560000 24.25930000 60.61940000) (59.03610000 24.66000000 59.45480000) (62.72360000 17.36540000 65.72740000) (63.14380000 19.17480000 65.36100000) (63.21190000 20.86560000 64.54100000) (62.68390000 22.25600000 63.37420000) (61.82830000 23.36660000 62.09960000) (60.68020000 24.16580000 60.82090000) (59.27970000 24.63260000 59.63160000) (62.65040000 17.06400000 65.73550000) (63.08170000 18.88120000 65.44470000) (63.23540000 20.61420000 64.72560000) (62.80140000 22.03890000 63.56830000) (61.99810000 23.20990000 62.31390000) (60.88370000 24.05990000 61.03920000) (59.52960000 24.58750000 59.82290000) (62.55720000 16.77560000 65.73730000) (63.01550000 18.59600000 65.52420000) (63.25200000 20.35660000 64.88550000) (62.91410000 21.82590000 63.75350000) (62.15070000 23.05240000 62.52550000) (61.07620000 23.95420000 61.25060000) (59.76450000 24.53030000 60.00900000) (62.47480000 16.49250000 65.73090000) (62.94820000 18.31810000 65.59360000) (63.25640000 20.09250000 65.01430000) (63.02070000 21.61580000 63.92790000) (62.28130000 22.87900000 62.72120000) (61.26130000 23.84120000 61.44590000) (59.98300000 24.46000000 60.18810000) (62.37340000 16.20870000 65.71330000) (62.87220000 18.03420000 65.66320000) (63.25280000 19.81610000 65.13830000) (63.10270000 21.39670000 64.11970000) (62.40840000 22.70000000 62.93010000) (61.44600000 23.71000000 61.64740000) (60.20540000 24.37560000 60.37660000) (58.73100000 24.69110000 59.23070000) (62.78220000 17.65900000 65.71220000) (63.20480000 19.45280000 65.26700000) (63.17200000 21.10210000 64.36160000) (62.56140000 22.45450000 63.18630000) (61.66420000 23.52100000 61.90210000) (60.47750000 24.25850000 60.62110000) (59.03840000 24.65960000 59.45640000) (62.68090000 17.17110000 65.73150000) (63.10220000 18.98790000 65.41470000) (63.23080000 20.70680000 64.65900000) (62.75860000 22.12170000 63.50010000) (61.93770000 23.26900000 62.23320000) (60.80740000 24.09820000 60.95710000) (59.43670000 24.60750000 59.75010000) (62.53280000 16.69190000 65.73610000) (62.99610000 18.51620000 65.54820000) (63.25450000 20.28150000 64.92300000) (62.94380000 21.76590000 63.80140000) (62.18960000 23.00400000 62.57700000) (61.12550000 23.92390000 61.30450000) (59.82370000 24.51130000 60.05530000) (62.37340000 16.20870000 65.71330000) (62.87220000 18.03420000 65.66320000) (63.25280000 19.81610000 65.13830000) (63.10270000 21.39670000 64.11970000) (62.40840000 22.70000000 62.93010000) (61.44600000 23.71000000 61.64740000) (60.20540000 24.37560000 60.37660000) (58.73100000 24.69110000 59.23070000) (62.76350000 17.54750000 65.71840000) (63.18250000 19.34510000 65.29980000) (63.19080000 21.01030000 64.43050000) (62.61080000 22.37690000 63.26000000) (61.72940000 23.45890000 61.98070000) (60.55880000 24.22270000 60.70330000) (59.13850000 24.64840000 59.52640000) (62.65100000 17.06610000 65.73540000) (63.08220000 18.88340000 65.44410000) (63.23530000 20.61640000 64.72410000) (62.80040000 22.04100000 63.56650000) (61.99650000 23.21150000 62.31170000) (60.88160000 24.06100000 61.03670000) (59.52680000 24.58830000 59.82060000) (62.50380000 16.58620000 65.72980000) (62.96870000 18.41170000 65.57390000) (63.25670000 20.17990000 64.97110000) (62.98570000 21.68660000 63.87120000) (62.24210000 22.93730000 62.65430000) (61.19820000 23.87700000 61.38190000) (59.91030000 24.48100000 60.12840000))
		spline 1 2 ((62.62455896 15.93891293 65.65916785) (62.61397702 15.94467490 65.61516430) (62.60022658 15.95122122 65.57354274) (62.58607138 15.95765081 65.53581224) (62.57346443 15.96329863 65.50350700) (62.56375553 15.96770002 65.47777032) (62.55813931 15.97040845 65.46019749))
		spline 1 5 ((62.65494545 16.03127182 65.70979249) (63.16307979 17.87223947 65.68303168) (63.56125572 19.69089971 65.15084589) (63.43282169 21.36109227 64.11637755) (62.73678693 22.72353504 62.89432934) (61.75463240 23.78962636 61.55665729) (60.48984822 24.48950634 60.24934690) (58.97154971 24.83596043 59.05294587) (63.05464362 17.60250126 65.55431433) (63.46781954 19.35645597 65.11233836) (63.43635894 21.02770937 64.19731640) (62.80952032 22.42056055 62.98706167) (61.90005603 23.49776289 61.68705248) (60.69188503 24.24808383 60.38382627) (59.22108705 24.65740430 59.19370030) (62.94910705 17.30979534 65.50727573) (63.35499106 19.05889094 65.15037372) (63.42840928 20.73826965 64.34273071) (62.89199309 22.15977588 63.15095532) (62.02493149 23.28102479 61.86208591) (60.87860297 24.07894208 60.58533268) (59.46053509 24.55346627 59.37973392) (62.84989850 16.99753148 65.49428996) (63.27097493 18.77159770 65.21111418) (63.42737611 20.47997121 64.50759127) (62.98338824 21.93025498 63.32855734) (62.18755036 23.08954191 62.08581560) (61.07573045 23.94148527 60.81225891) (59.70177339 24.47897348 59.57596211) (62.74908009 16.71722399 65.48795230) (63.19472434 18.48570929 65.28313031) (63.43254793 20.23589812 64.65048192) (63.08690689 21.70912808 63.51080245) (62.32635721 22.92850914 62.28844389) (61.25504201 23.82867611 61.01680674) (59.92709230 24.41153033 59.76028830) (62.66170285 16.43091840 65.47856088) (63.12436345 18.21128069 65.34874070) (63.43268720 19.97305304 64.77543759) (63.19283685 21.49045660 63.68903197) (62.46154759 22.74178141 62.49518703) (61.43012568 23.71635689 61.20442104) (60.14318818 24.33721186 59.93978001) (62.56436901 16.16394899 65.46045976) (63.04911787 17.93648623 65.41510307) (63.42737757 19.71663312 64.88924376) (63.27755050 21.26124299 63.88844538) (62.58763066 22.56087188 62.70444598) (61.61927396 23.57919432 61.41231276) (60.37216267 24.24822449 60.13501008) (58.89034380 24.56545991 58.98326491) (62.96769140 17.61035473 65.45602315) (63.37510650 19.34149362 65.02000489) (63.34596586 20.95547573 64.13657288) (62.73053673 22.32487352 62.94757475) (61.83147467 23.39010849 61.66275381) (60.64427359 24.12723228 60.38161021) (59.19655292 24.53102440 59.20970997) (62.86420705 17.11653578 65.47494344) (63.27333429 18.88366967 65.16520232) (63.40362194 20.55884558 64.43396207) (62.92286222 21.99822065 63.25480268) (62.11144534 23.13094104 62.00265222) (60.98164966 23.96241228 60.72558596) (59.59806304 24.47780442 59.50608970) (62.71925707 16.64852343 65.47967801) (63.16549740 18.40506721 65.30050256) (63.42479079 20.16618259 64.67784099) (63.10789701 21.64152825 63.55644319) (62.35701205 22.87196519 62.33837893) (61.29576478 23.78990815 61.06900883) (59.98129216 24.38220840 59.80852061) (62.56039488 16.16542375 65.45725297) (63.04482747 17.93680551 65.41197486) (63.42290038 19.71595934 64.88643157) (63.27322978 21.25860032 63.88678785) (62.58366142 22.55746931 62.70345394) (61.61617991 23.57489686 61.41248312) (60.36951164 24.24367543 60.13563677) (58.88875330 24.56064392 58.98474247) (62.94761407 17.49855871 65.46128765) (63.34981550 19.22550823 65.05464019) (63.36166839 20.87070792 64.19872846) (62.77466538 22.25229853 63.01500488) (61.89681078 23.32563117 61.74276503) (60.73150341 24.08699098 60.47058431) (59.29964087 24.51788304 59.28268102) (62.83203474 17.00470323 65.47877409) (63.25183146 18.77417788 65.19571382) (63.40719544 20.47333419 64.49522420) (62.96377813 21.91795205 63.32039679) (62.17023284 23.07266281 62.08161060) (61.06086336 23.92191219 60.81104711) (59.68989843 24.45767073 59.57824716) (62.68893192 16.53832553 65.47321823) (63.14113988 18.31357399 65.32283074) (63.42695468 20.06321473 64.72656392) (63.14911490 21.56336831 63.62521317) (62.41587128 22.79713114 62.42504854) (61.36577394 23.74461793 61.14358517) (60.07245909 24.35027749 59.88546779))
		spline 2 3 ((62.55813818 15.97040885 65.46019629) (62.54134622 15.97570052 65.45405542) (62.51677836 15.98353651 65.44351836) (62.48594740 15.99339676 65.42985495) (62.44992910 16.00487995 65.41448881) (62.41016466 16.01743934 65.39947767) (62.36805736 16.03048831 65.38772225))
		spline 2 6 ((62.58559014 16.06409305 65.46587323) (63.07740553 17.84590321 65.44355242) (63.46658528 19.62661741 64.92217738) (63.33973372 21.20263158 63.93858881) (62.66045651 22.52573632 62.75138414) (61.69920156 23.56672131 61.44429734) (60.46535044 24.24795821 60.16910756) (58.98599738 24.58544735 59.00376810) (62.86912544 17.62467279 65.37974222) (63.27257145 19.33874076 64.94817884) (63.24266962 20.89822326 64.09195138) (62.63705159 22.24249432 62.92436435) (61.74757812 23.29510028 61.65445877) (60.57931810 24.01873238 60.39434283) (59.15493221 24.41519974 59.24212020) (62.72955339 17.34973575 65.38243603) (63.12873373 19.07118964 65.03188170) (63.19912207 20.65089537 64.27077861) (62.68361087 22.01329763 63.12848384) (61.84218201 23.10280879 61.87710856) (60.72677083 23.87906112 60.63410352) (59.36011712 24.33711895 59.47189717) (62.62530457 17.06296681 65.39104375) (63.03623748 18.79681282 65.11289747) (63.18700499 20.42057153 64.44373675) (62.75878814 21.80887361 63.31422709) (61.99024005 22.92916719 62.11288193) (60.90859120 23.75790886 60.87348116) (59.57383305 24.27974753 59.67252444) (62.52152471 16.78624994 65.39394187) (62.95663660 18.51337692 65.19406445) (63.18830061 20.19341571 64.58785217) (62.86079069 21.58978785 63.50714634) (62.11911270 22.78097608 62.31428387) (61.08038934 23.65332223 61.08108312) (59.79287571 24.21908779 59.86195329) (62.43447139 16.50557871 65.38814133) (62.88716035 18.24860511 65.26084547) (63.18712690 19.94260792 64.71096098) (62.96354817 21.37735620 63.68467340) (62.24272357 22.61010759 62.50791688) (61.25558241 23.54242873 61.27274114) (60.00266059 24.14858584 60.04006069) (62.33775163 16.24202513 65.37139419) (62.81135816 17.97366723 65.32866299) (63.18199075 19.70868390 64.81778668) (63.03807967 21.17541896 63.86252327) (62.36739304 22.43153356 62.71673375) (61.43112640 23.41524021 61.46802219) (60.21765668 24.06547650 60.22509374) (58.78008011 24.37177664 59.10861524) (62.72936701 17.64739664 65.37109152) (63.13230510 19.36066962 64.94213474) (63.10391331 20.87835669 64.10746600) (62.51062022 22.19540449 62.96365255) (61.63151157 23.23726987 61.70791031) (60.48287852 23.94883275 60.46826604) (59.08270727 24.33934337 59.33493596) (62.63018170 17.17469477 65.38989249) (63.03197599 18.91116756 65.08536480) (63.15780792 20.50542673 64.38807212) (62.69520969 21.88188699 63.25978283) (61.91134868 22.97844340 62.04836648) (60.80998707 23.78928572 60.80267775) (59.47313237 24.28818274 59.62364795) (62.48811421 16.71717439 65.39456619) (62.92636069 18.44251182 65.21806755) (63.17778816 20.13168043 64.62142025) (62.87890865 21.52778696 63.55979651) (62.14430003 22.73310198 62.36761248) (61.11583135 23.62167929 61.13761646) (59.83676192 24.19781167 59.91095524) (62.33232301 16.24370858 65.37217241) (62.80586660 17.97514852 65.32944296) (63.17638318 19.70943836 64.81882430) (63.03259616 21.17510982 63.86423141) (62.36207596 22.43078419 62.71877587) (61.42655290 23.41367241 61.47106870) (60.21347942 24.06366873 60.22856432) (58.77686872 24.36971451 59.11285102) (62.71009289 17.54216165 65.37722536) (63.10798337 19.25162288 64.97577800) (63.11752729 20.80300553 64.16415236) (62.55155543 22.12804807 63.02795743) (61.69684936 23.17322333 61.78936195) (60.56796389 23.91020459 60.55652262) (59.18824566 24.32673968 59.41089692) (62.60062874 17.07261497 65.39378436) (63.01119012 18.80563313 65.11517620) (63.16095227 20.42408366 64.44702998) (62.73356437 21.80666956 63.32174870) (61.96614067 22.92414814 62.12252237) (60.88594199 23.75072190 60.88507678) (59.55454314 24.27058018 59.68806551) (62.45800226 16.60775406 65.38815846) (62.90226042 18.35227513 65.24023037) (63.17986248 20.03281487 64.66820907) (62.92036262 21.44916808 63.62904702) (62.19844272 22.66439487 62.44718219) (61.18837087 23.57484080 61.21491449) (59.92727846 24.16615018 59.98746640))
		spline 3 7 ((62.35230616 16.13643739 65.39018388) (62.83661983 17.89087700 65.37017942) (63.21854153 19.63501472 64.86063243) (63.09468735 21.13146181 63.92212250) (62.43284165 22.41115618 62.77252328) (61.50383482 23.41573455 61.51077164) (60.30267620 24.07795807 60.26921271) (58.87175372 24.40380002 59.14282432) (62.62379499 17.67169134 65.43438856) (63.03079006 19.40086167 65.00355709) (63.00003441 20.91038010 64.17172834) (62.41178724 22.21160840 63.04135165) (61.53669993 23.24906240 61.79155325) (60.39521952 23.95529412 60.56007542) (59.00682191 24.34182752 59.43721980) (62.50589384 17.40047938 65.49550894) (62.91286722 19.15494570 65.14037394) (62.97864746 20.71159724 64.38519113) (62.47542806 22.03420484 63.27547636) (61.64985847 23.10652268 62.04557772) (60.54282001 23.87693645 60.81170300) (59.20423757 24.32455718 59.67420328) (62.41801830 17.12911471 65.52536000) (62.83285434 18.88022757 65.24351628) (62.98001065 20.49471233 64.57427592) (62.56357633 21.84613542 63.47512426) (61.79835054 22.96240653 62.27858515) (60.72428513 23.78260782 61.04899535) (59.41538634 24.29277039 59.87279686) (62.31857364 16.84793090 65.53673654) (62.75914541 18.59802752 65.33268443) (62.98798509 20.26347723 64.73050234) (62.67144052 21.63328798 63.67339389) (61.93365313 22.82063698 62.48579409) (60.90284739 23.68547586 61.26227086) (59.63908913 24.24128016 60.06503254) (62.23505351 16.57121897 65.53411345) (62.69205470 18.33385834 65.40244232) (62.98934245 20.01553944 64.85568935) (62.77367561 21.42870425 63.84806184) (62.05050471 22.66388182 62.66774252) (61.08498240 23.57455529 61.46048436) (59.84857360 24.17473401 60.24244021) (62.13572000 16.29711780 65.51813209) (62.61555947 18.05259611 65.47294432) (62.98543922 19.77481675 64.96737925) (62.84317580 21.24220667 64.01396922) (62.17543686 22.48734951 62.87617464) (61.25323677 23.45457421 61.64744380) (60.05469758 24.09661257 60.41966731) (58.63596716 24.39832232 59.31816423) (62.52748016 17.69244109 65.52141348) (62.93950154 19.44338553 65.08831565) (62.90881836 20.95554755 64.25362868) (62.32572520 22.24462685 63.13328446) (61.45409282 23.28011249 61.88699435) (60.31777402 23.98400260 60.66032745) (58.93830406 24.36853495 59.54393251) (62.43113543 17.23037453 65.54043930) (62.83904935 18.99158581 65.23266114) (62.96233462 20.59088974 64.52903403) (62.51127580 21.93094608 63.43050343) (61.72942584 23.02633505 62.22155558) (60.63654024 23.82920925 60.98627052) (59.32307525 24.31878581 59.82841686) (62.28778997 16.76839427 65.54500130) (62.73532136 18.53077723 65.36331624) (62.98369168 20.20050490 64.77299117) (62.69467416 21.57826599 63.72977743) (61.96283021 22.78107005 62.54125512) (60.94256613 23.66188414 61.32131929) (59.68322322 24.22961964 60.11294067) (62.13258086 16.29784890 65.52235861) (62.61265415 18.05421779 65.47709455) (62.98256866 19.77647913 64.97155106) (62.84031132 21.24444427 64.01786497) (62.17243898 22.48977016 62.87984253) (61.25033805 23.45681734 61.65126536) (60.05187503 24.09879286 60.42358820) (58.63334969 24.40043626 59.32223692) (62.50940520 17.58944632 65.52846228) (62.91754341 19.34220625 65.12038530) (62.92392046 20.87826871 64.31326924) (62.36930491 22.17542427 63.20094366) (61.51933726 23.21783920 61.96791971) (60.39810427 23.94893810 60.74368944) (59.04254217 24.35743702 59.61877227) (62.40396248 17.13603351 65.54439799) (62.81952243 18.89072215 65.26148872) (62.96598478 20.50746868 64.58992370) (62.54944540 21.85699863 63.49189917) (61.78298653 22.97381252 62.29390500) (60.70802605 23.79352229 61.06367701) (59.40005414 24.30261267 59.88928942) (62.25865810 16.66231733 65.53871991) (62.70920260 18.43196005 65.38775320) (62.98576311 20.10385577 64.81875016) (62.73667182 21.49871843 63.79988744) (62.01112345 22.71987411 62.61215957) (61.01774669 23.61345496 61.40140935) (59.77038823 24.19916655 60.18666322))
		spline 5 6 ((58.71295922 24.54787075 58.88174336) (58.69154574 24.51293965 58.90181253) (58.66935429 24.48148873 58.92378211) (58.64836229 24.45369606 58.94504718) (58.63013651 24.43010662 58.96364344) (58.61578983 24.41117139 58.97819136) (58.60651850 24.39781225 58.98731591))
		spline 6 7 ((58.60651748 24.39781166 58.98731713) (58.59559945 24.39944273 59.00234438) (58.57906339 24.40043808 59.02474036) (58.55815240 24.40129284 59.05296200) (58.53393898 24.40282554 59.08577452) (58.50791450 24.40626767 59.12148392) (58.48185592 24.41362210 59.15820385))
		spline 8 9 ((62.01650437 16.11708116 65.65916785) (62.02852261 16.11622098 65.61516430) (62.04363159 16.11431110 65.57354274) (62.05901832 16.11208451 65.53581224) (62.07267972 16.11003534 65.50350700) (62.08322868 16.10850090 65.47777032) (62.08941849 16.10775000 65.46019749))
		spline 8 10 ((62.04085455 16.21152818 65.70980751) (62.54192021 18.02636053 65.68576832) (62.92714428 19.77310029 65.17815411) (62.80597831 21.29730773 64.22862245) (62.14541307 22.56926496 63.08427066) (61.23796760 23.55237364 61.85054271) (60.04015178 24.21389366 60.61185310) (58.62725029 24.53463957 59.50045413) (62.51015638 17.71889874 65.86988567) (62.94238046 19.55254403 65.42066164) (62.90704106 21.17949063 64.52348360) (62.31147968 22.49123945 63.38273833) (61.42574397 23.54663711 62.11394752) (60.25931497 24.27051617 60.85497373) (58.85111295 24.66259570 59.71589970) (62.49809295 17.42100466 65.94752427) (62.93260894 19.29070906 65.57162628) (62.99539072 20.99293035 64.73926929) (62.47580691 22.35222412 63.59744468) (61.63166851 23.45217521 62.33711409) (60.48179703 24.25265792 61.05646732) (59.09886491 24.71173373 59.88346608) (62.45090150 17.13046852 65.97671004) (62.89242507 18.99080230 65.67828582) (63.04342389 20.74842879 64.94360873) (62.61941176 22.14754502 63.80804266) (61.80864964 23.33025809 62.54198440) (60.69166955 24.17831473 61.26614109) (59.35742661 24.69602652 60.06983789) (62.36531991 16.83397601 65.98664770) (62.83627566 18.70629071 65.76526969) (63.07145207 20.47730188 65.12051808) (62.74129311 21.94267192 63.99619755) (61.97504279 23.17629086 62.76255611) (60.89735799 24.07972389 61.48439326) (59.60190770 24.64906967 60.25771170) (62.28789715 16.55408160 65.98323912) (62.77203655 18.42491931 65.83845930) (63.08011280 20.21194696 65.25316241) (62.84856315 21.74114340 64.16676803) (62.10105241 23.01621859 62.94721297) (61.09247432 23.96604311 61.68737896) (59.82281182 24.58278814 60.43641999) (62.18243099 16.25345101 65.96614024) (62.69528213 18.13191377 65.91129693) (63.07822243 19.91556688 65.38735624) (62.92784950 21.53215701 64.35095462) (62.22916934 22.83912812 63.15575402) (61.27272604 23.84080568 61.88248724) (60.03863733 24.50297551 60.61818992) (58.57165620 24.81674009 59.47813509) (62.59670860 17.70764527 65.96837685) (63.03449350 19.56410638 65.51399511) (62.99803414 21.24872427 64.58662712) (62.39226327 22.58412648 63.42502525) (61.49692533 23.65189151 62.14144619) (60.31072641 24.38976772 60.86058979) (58.88024708 24.78817560 59.70309003) (62.49759295 17.22566422 65.98805656) (62.93106571 19.09213033 65.66419768) (63.05797806 20.85475442 64.88403793) (62.59433778 22.24517935 63.74539732) (61.76395466 23.40705896 62.46374778) (60.63315034 24.23398772 61.18861404) (59.27533696 24.73719558 59.99411030) (62.34634293 16.73527657 65.99252199) (62.82670260 18.62733279 65.79589744) (63.08420921 20.39681741 65.16815901) (62.77970299 21.89027175 64.04635681) (62.02218795 23.13603481 62.81562107) (60.95523522 24.05789185 61.53999117) (59.66610784 24.64039160 60.30207939) (62.18640512 16.25197625 65.96934703) (62.69957253 18.13159449 65.91442514) (63.08269962 19.91624066 65.39016843) (62.93217022 21.53479968 64.35261215) (62.23313858 22.84253069 63.15674606) (61.27582009 23.84510314 61.88231688) (60.04128836 24.50752457 60.61756323) (58.57324670 24.82155608 59.47665753) (62.57938593 17.59644129 65.97551235) (63.01518450 19.46469177 65.54495981) (63.01993161 21.14989208 64.66227154) (62.44693462 22.50150147 63.50499512) (61.56198922 23.59216883 62.21863497) (60.38609659 24.35840902 60.93601569) (58.97735913 24.77891696 59.77011898) (62.46996526 17.12749677 65.99202591) (62.91256854 18.99262212 65.69248618) (63.06340456 20.75946581 64.95297580) (62.63702187 22.16404795 63.81260321) (61.82276716 23.35033719 62.54178940) (60.70233664 24.20008781 61.26235289) (59.36370157 24.71892927 60.06295284) (62.31866808 16.63407447 65.98638177) (62.79626012 18.50982601 65.82496926) (63.08644532 20.29658527 65.21563608) (62.82228510 21.80983169 64.11718683) (62.06832872 23.07746886 62.88355146) (61.03062606 24.00938207 61.62021483) (59.74814091 24.61172251 60.37133221))
		spline 3 9 ((62.28186604 16.05574354 65.38772225) (62.23937504 16.06748301 65.39947767) (62.19912064 16.07837023 65.41448881) (62.16260078 16.08814170 65.42985495) (62.13132384 16.09647991 65.44351836) (62.10641205 16.10314213 65.45405542) (62.08941966 16.10774973 65.46019629))
		spline 9 11 ((62.11693515 16.20165908 65.46588470) (62.60335596 17.96352358 65.44564093) (62.98265124 19.68935032 64.94301816) (62.86134644 21.15395321 64.02425061) (62.20913846 22.40800222 62.89634142) (61.30489913 23.38565746 61.66858151) (60.12215616 24.03761922 60.44576097) (58.72323882 24.35548868 59.34529242) (62.45358979 17.71350371 65.62057640) (62.87157276 19.48838904 65.18348153) (62.83871076 21.01405797 64.34087199) (62.25696255 22.29643425 63.22633241) (61.38559798 23.33239956 61.98025173) (60.24919415 24.03585205 60.75390785) (58.87257954 24.41916166 59.64064647) (62.38535353 17.43460723 65.71841995) (62.80638490 19.24810599 65.35336848) (62.86865583 20.84524445 64.57340447) (62.36599059 22.16016811 63.46923057) (61.54205599 23.23342544 62.23963521) (60.42394094 24.01163561 60.99365876) (59.08410174 24.45790373 59.85632982) (62.32080253 17.16442021 65.75921168) (62.74734005 18.96410292 65.46942827) (62.89398466 20.62544997 64.77649164) (62.48101267 21.97470258 63.68015529) (61.70107486 23.11287425 62.46101569) (60.61548792 23.93864969 61.21986985) (59.31103835 24.44539562 60.04943500) (62.22865093 16.87535143 65.77453061) (62.68307977 18.68171776 65.56201816) (62.91272353 20.37764752 64.94656909) (62.59702905 21.76802120 63.87758471) (61.85100052 22.97007534 62.67611151) (60.80741607 23.84491404 61.43793054) (59.54470498 24.40037039 60.24157128) (62.14919456 16.59957301 65.77329598) (62.61827547 18.41164743 65.63458340) (62.91805315 20.12492429 65.07554563) (62.70080924 21.56867254 64.04926663) (61.96760491 22.81954947 62.85288896) (60.99789744 23.73298145 61.64131952) (59.75815936 24.33600198 60.41908081) (62.04626848 16.31033028 65.75731372) (62.54132178 18.12281143 65.70734263) (62.91552646 19.86050392 65.19793056) (62.77119880 21.38217208 64.21549588) (62.09382657 22.64389003 63.06115795) (61.16665186 23.61489382 61.82684466) (59.96312056 24.25989452 60.59384150) (58.53686770 24.56354581 59.48628469) (62.44624454 17.72164574 65.76210386) (62.87235991 19.53056072 65.31913264) (62.83838269 21.10215481 64.45093333) (62.25246049 22.39325825 63.32802785) (61.37619397 23.43705449 62.07323337) (60.22832574 24.14919158 60.83380828) (58.84131254 24.53559313 59.71146820) (62.35039327 17.25797818 65.78148440) (62.77076730 19.07025823 65.46618246) (62.89402331 20.73125510 64.73155594) (62.44449011 22.07035815 63.63418932) (61.64615465 23.18916798 62.40026020) (60.54402328 23.99654361 61.15604631) (59.22683791 24.48614196 59.99609001) (62.20351780 16.78338167 65.78595269) (62.66780308 18.61213796 65.59613744) (62.91786695 20.30769372 64.99561565) (62.62844123 21.71762022 63.93368327) (61.88877273 22.93463167 62.73182877) (60.85594983 23.82619607 61.49705546) (59.59622310 24.39484903 60.28762388) (62.04690571 16.30976274 65.76298659) (62.54237882 18.12380538 65.71289731) (62.91675259 19.86228681 65.20326054) (62.77231016 21.38589655 64.21973396) (62.09456789 22.64833413 63.06471426) (61.16680092 23.61988540 61.82963115) (59.96298967 24.26503015 60.59635554) (58.53608395 24.56883452 59.48826522) (62.42907269 17.61686258 65.76966558) (62.85260346 19.43416028 65.34997462) (62.85672446 21.01607016 64.51791394) (62.30144155 22.31823197 63.40190267) (61.44132400 23.37663654 62.15253101) (60.30436019 24.11734236 60.91172530) (58.94229031 24.52595261 59.78289434) (62.32430863 17.16632716 65.78548211) (62.75227526 18.97234295 65.49429735) (62.89858182 20.64245038 64.79637170) (62.48419421 21.99448225 63.69738526) (61.70096572 23.13606055 62.47371646) (60.61232559 23.96301684 61.22949925) (59.30559990 24.46996454 60.05797773) (62.17542846 16.68082667 65.77978883) (62.63905897 18.50204854 65.62344680) (62.91999638 20.21091597 65.04145365) (62.67093633 21.63726123 64.00450595) (61.93320910 22.87833985 62.79709730) (60.93259648 23.77690052 61.57866336) (59.67976896 24.36567685 60.35826293))
		spline 10 11 ((58.39812933 24.80617026 59.36716875) (58.38841745 24.76163868 59.36919562) (58.38116842 24.71792838 59.36812599) (58.37547222 24.67758640 59.36580700) (58.37084730 24.64283826 59.36343256) (58.36698945 24.61529755 59.36180812) (58.36383087 24.59692325 59.36150762))
		spline 7 11 ((58.43722900 24.45023587 59.22701256) (58.41948547 24.47881852 59.25782960) (58.40407893 24.50936812 59.28600127) (58.39073456 24.53864938 59.31109780) (58.37948821 24.56417784 59.33245847) (58.37040540 24.58420128 59.34956335) (58.36383105 24.59692168 59.36150700))
		spline 12 13 ((62.08146182 16.08059115 65.94780371) (62.09825378 16.07529948 65.95394458) (62.12282164 16.06746349 65.96448164) (62.15365260 16.05760324 65.97814505) (62.18967090 16.04612005 65.99351119) (62.22943534 16.03356066 66.00852233) (62.27154264 16.02051169 66.02027775))
		spline 12 8 ((62.08146069 16.08059155 65.94780251) (62.07584447 16.08329998 65.93022968) (62.06613557 16.08770137 65.90449300) (62.05352862 16.09334919 65.87218776) (62.03937342 16.09977878 65.83445726) (62.02562298 16.10632510 65.79283570) (62.01504104 16.11208707 65.74883215))
		spline 12 14 ((62.11020986 16.17870695 65.95372677) (62.62759447 18.05269679 65.92524758) (63.02181472 19.83738259 65.40682262) (62.89906628 21.45576842 64.40641119) (62.22174349 22.76706368 63.22721586) (61.29339844 23.77527869 61.96290266) (60.06464956 24.45544179 60.69209244) (58.61280262 24.78515265 59.54963190) (62.69567456 17.69672721 66.04445778) (63.13762855 19.57025924 65.58482116) (63.10073038 21.30897674 64.62884862) (62.48394841 22.66930568 63.44543565) (61.57822188 23.74929972 62.14654123) (60.37188190 24.49986762 60.84445717) (58.91726779 24.90480026 59.66747980) (62.71764661 17.38106425 66.07236397) (63.15886627 19.27841036 65.69011830) (63.22467793 21.08030463 64.81122139) (62.68418913 22.49870237 63.61991616) (61.81441799 23.63039121 62.32209144) (60.63362917 24.45253888 61.00769648) (59.19928288 24.92808105 59.79130283) (62.67549543 17.06503319 66.07995625) (63.12716252 18.96558718 65.77650253) (63.28379501 20.80782847 65.00746325) (62.84401186 22.26892639 63.82237291) (62.00595995 23.49063281 62.51491807) (60.85880880 24.36189114 61.20491884) (59.48536695 24.89525247 59.97327556) (62.59287529 16.76495006 66.08065813) (63.07436340 18.67862308 65.85433555) (63.31569939 20.51978429 65.18314783) (62.96740931 22.06201215 63.99985366) (62.18228730 23.32382392 62.73671613) (61.07201066 24.25507777 61.42011688) (59.73612429 24.84151221 60.15604671) (62.51512861 16.47942129 66.07365867) (63.00923965 18.38759489 65.92635453) (63.32567310 20.24239208 65.31763902) (63.07785183 21.85424380 64.17112660) (62.31987643 23.14789241 62.93448312) (61.26701759 24.13997127 61.61905886) (59.96333941 24.77141416 60.33613931) (62.40904837 16.17537487 66.05520581) (62.93304184 18.09473277 65.99773701) (63.32360925 19.92351610 65.45881332) (63.16732033 21.61798104 64.37687673) (62.44940696 22.96846644 63.14346625) (61.46087360 24.00475979 61.82677781) (60.19314332 24.68572350 60.52810626) (58.68191989 25.01042336 59.35278476) (62.83503299 17.67060336 66.05330848) (63.27729490 19.54493038 65.59186526) (63.24008669 21.32584331 64.61573400) (62.61217978 22.71359551 63.40894745) (61.69688843 23.80473013 62.09628969) (60.47212148 24.56816725 60.77393396) (58.99409273 24.97985663 59.57786404) (62.73161830 17.16750523 66.07310751) (63.17242401 19.06463244 65.74403520) (63.30379208 20.90817327 64.92992788) (62.82199031 22.36151301 63.74041717) (61.96405132 23.55955660 62.41803352) (60.80481293 24.40711428 61.11152225) (59.40026763 24.92681726 59.87655205) (62.57748579 16.66662561 66.07763381) (63.06583931 18.58988818 65.87833245) (63.33121184 20.43131957 65.22457975) (63.00869135 22.00401304 64.04300349) (62.23489997 23.27489802 62.78638752) (61.13516865 24.22612071 61.47138354) (59.81063808 24.82478833 60.19964476) (62.41447699 16.17369142 66.05442759) (62.93853340 18.09325148 65.99695704) (63.32921682 19.92276164 65.45777570) (63.17280384 21.61829018 64.37516859) (62.45472404 22.96921581 63.14142413) (61.46544710 24.00632759 61.82373130) (60.19732058 24.68753127 60.52463568) (58.68513128 25.01248549 59.34854898) (62.81690711 17.55283835 66.05957464) (63.25701663 19.43857712 65.62382200) (63.26407271 21.21759447 64.69684764) (62.67004457 22.62575193 63.49204257) (61.76195064 23.74457667 62.17203805) (60.54963611 24.53519541 60.85007738) (59.08875434 24.97006032 59.64190308) (62.70137126 17.05958503 66.07701564) (63.15320988 18.96116687 65.77302380) (63.30964773 20.80871634 65.00117002) (62.86723563 22.27533044 63.81125130) (62.02685933 23.49885186 62.50087763) (60.87725801 24.37127810 61.18832322) (59.49905686 24.90601982 59.95313449) (62.54959774 16.56464594 66.07144154) (63.03513958 18.47112487 65.90756963) (63.33353752 20.32698513 65.27399093) (63.05103738 21.92403192 64.11335298) (62.28575728 23.21020513 62.86141781) (61.20802913 24.17915920 61.54888551) (59.89332154 24.79584982 60.26933360))
		spline 13 15 ((62.34349384 16.10636261 66.02941612) (62.86838017 18.00772300 65.99862058) (63.26985847 19.82898528 65.46836757) (63.14411265 21.52693819 64.42287750) (62.44935835 22.88164382 63.20607672) (61.48876518 23.92626545 61.89642836) (60.22732380 24.62544193 60.59198729) (58.72704628 24.96679998 59.41057568) (62.94100501 17.64970866 65.98981144) (63.37940994 19.50813833 65.52944291) (63.34336559 21.29681990 64.54907166) (62.70921276 22.70019160 63.32844835) (61.78910007 23.79533760 62.00944675) (60.55598048 24.56330588 60.67872458) (59.06537809 24.97817248 59.47238020) (62.94130616 17.33032062 65.95929106) (63.37473278 19.19465430 65.58162606) (63.44515254 21.01960276 64.69680887) (62.89237194 22.47779516 63.47292364) (62.00674153 23.62667732 62.15362228) (60.81757999 24.45466355 60.83009700) (59.35516243 24.94064282 59.58899672) (62.88278170 16.99888529 65.94564000) (63.33054566 18.88217243 65.64588372) (63.49078935 20.73368767 64.87692408) (63.03922367 22.23166458 63.66147574) (62.19784946 23.45739347 62.34921485) (61.04311487 24.33719218 61.02940465) (59.64381366 24.88222961 59.77300314) (62.79582636 16.70326910 65.93786346) (63.27185459 18.59397248 65.71571557) (63.51601491 20.44972277 65.04049766) (63.15675948 22.01851202 63.83360611) (62.36774687 23.28416302 62.56520591) (61.24955261 24.22292414 61.23892914) (59.88991087 24.81931984 59.95296746) (62.71454649 16.41378103 65.92768655) (63.20434530 18.30234166 65.78475768) (63.52345755 20.16946056 65.17291065) (63.26772439 21.80289575 64.00773816) (62.51209529 23.09411818 62.77465748) (61.43761760 24.10784471 61.43131564) (60.11742640 24.74526599 60.13375979) (62.61108000 16.12028220 65.90846791) (63.12884053 18.01580389 65.85345568) (63.52016078 19.85738325 65.30922075) (63.36222420 21.55119333 64.22543078) (62.64136314 22.91265049 62.98402536) (61.63876323 23.96542579 61.64735620) (60.35610242 24.65458743 60.33353269) (58.82603284 24.98387768 59.14323577) (63.03691984 17.62555891 65.90298652) (63.47009846 19.46221447 65.44568435) (63.43518164 21.24865245 64.46957132) (62.79707480 22.66437315 63.23931554) (61.87430718 23.76188751 61.91720565) (60.63722598 24.53299740 60.58187255) (59.13849594 24.95066505 59.36886749) (62.93066457 17.11182547 65.92256070) (63.36535065 18.98421419 65.59673886) (63.49926538 20.82271026 64.78896597) (63.00592420 22.31245392 63.56969657) (62.14597416 23.51166495 62.24484442) (60.97825976 24.36719075 60.92792948) (59.55032475 24.89621419 59.67178314) (62.77781003 16.61540573 65.92719870) (63.25687864 18.50162277 65.73308376) (63.52530832 20.36249510 65.07300883) (63.19292584 21.95353401 63.87302257) (62.41636979 23.22692995 62.61274488) (61.30843387 24.18591586 61.28768071) (59.96417678 24.79298036 59.99765933) (62.61421914 16.11955110 65.90424139) (63.13174585 18.01418221 65.84930545) (63.52303134 19.85572087 65.30504894) (63.36508868 21.54895573 64.22153503) (62.64436102 22.91022984 62.98035747) (61.64166195 23.96318266 61.64353464) (60.35892497 24.65240714 60.32961180) (58.82865031 24.98176374 59.13916308) (63.01759480 17.50555368 65.90833772) (63.44745659 19.34799375 65.47921470) (63.45767954 21.14233129 64.54773076) (62.85229509 22.57837573 63.31905634) (61.93946274 23.69996080 61.99348029) (60.71949573 24.49646190 60.66291056) (59.23445783 24.93936298 59.43402773) (62.89803752 16.99616649 65.92640201) (63.34487757 18.87607785 65.62671128) (63.50461522 20.72533132 64.85827630) (63.05135460 22.22500137 63.64110083) (62.21001347 23.44918748 62.32949500) (61.05517395 24.32847771 61.00972299) (59.65354586 24.87398733 59.75191058) (62.74894190 16.51008267 65.92088009) (63.22819740 18.39143995 65.76004680) (63.52763689 20.25594423 65.12344984) (63.23472818 21.87448157 63.94251256) (62.47307655 23.15472589 62.69644043) (61.37865331 24.14054504 61.36239065) (60.05021177 24.76283345 60.07013678))
		spline 14 15 ((58.53628252 25.03718834 59.23908287) (58.54720055 25.03555727 59.22405562) (58.56373661 25.03456192 59.20165964) (58.58464760 25.03370716 59.17343800) (58.60886102 25.03217446 59.14062548) (58.63488550 25.02873233 59.10491608) (58.66094408 25.02137790 59.06819615))
		spline 14 10 ((58.53628150 25.03718775 59.23908409) (58.52701017 25.02382861 59.24820864) (58.51266349 25.00489338 59.26275656) (58.49443771 24.98130394 59.28135282) (58.47344571 24.95351127 59.30261789) (58.45125426 24.92206035 59.32458747) (58.42984078 24.88712925 59.34465664))
		spline 13 16 ((62.35773396 15.99525646 66.02027775) (62.40022496 15.98351699 66.00852233) (62.44047936 15.97262977 65.99351119) (62.47699922 15.96285830 65.97814505) (62.50827616 15.95452009 65.96448164) (62.53318795 15.94785787 65.95394458) (62.55018034 15.94325027 65.94780371))
		spline 16 1 ((62.55018151 15.94325000 65.94780251) (62.55637132 15.94249910 65.93022968) (62.56692028 15.94096466 65.90449300) (62.58058168 15.93891549 65.87218776) (62.59596841 15.93668890 65.83445726) (62.61107739 15.93477902 65.79283570) (62.62309563 15.93391884 65.74883215))
		spline 16 17 ((62.57886485 16.04114092 65.95371530) (63.10164404 17.93507642 65.92315907) (63.50574876 19.77464968 65.38598184) (63.37745356 21.50444679 64.32074939) (62.67306154 22.88479778 63.08225858) (61.68770087 23.95634254 61.73861849) (60.40784384 24.66578078 60.41543903) (58.87556118 25.01511132 59.20810758) (63.11121021 17.60789629 65.80362360) (63.53862724 19.42061096 65.34951847) (63.50468924 21.19314203 64.37992801) (62.86403745 22.61536575 63.14346759) (61.94020202 23.71200044 61.82074827) (60.70200585 24.48274795 60.48489215) (59.19962046 24.90083834 59.26895353) (63.06184647 17.29619277 65.73638005) (63.48121510 19.10149401 65.36863152) (63.55514417 20.88595555 64.50859553) (63.00180941 22.35183189 63.27916943) (62.11454401 23.49977456 61.95956479) (60.93645906 24.31996439 60.64814124) (59.47529826 24.80729627 59.40687018) (62.97999747 16.96357979 65.71178832) (63.41605995 18.79829708 65.41997173) (63.57681534 20.60295003 64.67470836) (63.12178733 22.10309742 63.45644471) (62.29512514 23.30692575 62.16678431) (61.15191208 24.18115031 60.85853015) (59.74816165 24.72960438 59.59636500) (62.88574907 16.67584857 65.70006939) (63.34792023 18.51028224 65.48638184) (63.59127647 20.33555248 64.82443091) (63.23117095 21.88377880 63.62941529) (62.45039948 23.13472466 62.37488849) (61.34498393 24.06348596 61.06326946) (59.98429502 24.66022961 59.77642872) (62.80040544 16.38542699 65.68850402) (63.27812453 18.22455257 65.55261660) (63.59474685 20.06007571 64.95305437) (63.34059076 21.66292746 63.80653337) (62.59499509 22.93845053 62.58951104) (61.52470256 23.94941855 61.25048048) (60.20784064 24.58399802 59.95711919) (62.70053152 16.10706972 65.66928628) (63.20307822 17.94558857 65.61905737) (63.59007354 19.77169608 65.07866944) (63.43420120 21.41122792 64.02390412) (62.72297343 22.75610997 62.79904205) (61.72534814 23.80510618 61.46795534) (60.44767944 24.49130548 60.15935850) (58.92513230 24.81865419 58.97511531) (63.11815546 17.59635426 65.66229614) (63.53724009 19.37503928 65.21486736) (63.50561731 21.10204519 64.27226667) (62.87033951 22.51574175 63.04457215) (61.95220603 23.60494551 61.73096663) (60.72667426 24.36780842 60.40839172) (59.23548746 24.78360687 59.20133180) (63.01140673 17.08422182 65.68151560) (63.43363270 18.90554177 65.36321754) (63.56757669 20.68234490 64.58644406) (63.07270989 22.17304185 63.36601068) (62.22924535 23.34883202 62.06613980) (61.07077672 24.19985639 60.75815369) (59.64656209 24.72885804 59.50410999) (62.86208220 16.60041833 65.68624731) (63.32439692 18.42026204 65.50026256) (63.59113305 20.25530628 64.85038435) (63.25915877 21.81417978 63.66911673) (62.49042727 23.07336833 62.42217123) (61.39505017 24.02160393 61.11194454) (60.05117690 24.62775097 59.82297612) (62.69989429 16.10763726 65.66361341) (63.20202118 17.94459462 65.61350269) (63.58884741 19.76991319 65.07333946) (63.43308984 21.40750345 64.01966604) (62.72223211 22.75166587 62.79548574) (61.72519908 23.80011460 61.46516885) (60.44781033 24.48616985 60.15684446) (58.92591605 24.81336548 58.97313478) (63.09792731 17.47813742 65.66713442) (63.51239654 19.25603972 65.24962538) (63.52487554 21.00452984 64.34308606) (62.92015845 22.43556803 63.11809733) (62.01747600 23.54116346 61.80886899) (60.81323981 24.32805764 60.49487470) (59.33470969 24.77084739 59.26990566) (62.97769137 16.96587284 65.68531789) (63.41212474 18.79445705 65.39390265) (63.57201818 20.59034962 64.65182830) (63.11660579 22.08751775 63.43561474) (62.29203428 23.28693945 62.14968354) (61.15087441 24.15898316 60.84390075) (59.74800010 24.70663546 59.58322227) (62.83217154 16.49157333 65.67981117) (63.29834103 18.32135146 65.52435320) (63.59340362 20.14888403 64.90074635) (63.30046367 21.73593877 63.73789405) (62.55099090 22.99626015 62.51150270) (61.46380352 23.97709948 61.18513664) (60.14083104 24.59632315 59.89853707))
		spline 15 17 ((58.70557100 24.98476413 58.99938744) (58.72331453 24.95618148 58.96857040) (58.73872107 24.92563188 58.94039873) (58.75206544 24.89635062 58.91530220) (58.76331179 24.87082216 58.89394153) (58.77239460 24.85079872 58.87683665) (58.77896895 24.83807832 58.86489300))
		spline 17 5 ((58.77896913 24.83807675 58.86489238) (58.77581055 24.81970245 58.86459188) (58.77195270 24.79216174 58.86296744) (58.76732778 24.75741360 58.86059300) (58.76163158 24.71707162 58.85827401) (58.75438255 24.67336132 58.85720438) (58.74467067 24.62882974 58.85923125))
	arc 18 19 (62.67693506 15.93009686 65.55118380) // arc 18 19 origin 1 (62.31980000 16.02550000 65.70400000)
		spline 18 20 ((62.73170682 16.00873977 65.70979061) (63.24072473 17.85297434 65.68268960) (63.64051965 19.68062464 65.14743236) (63.51117711 21.36906534 64.10234694) (62.81070866 22.74281880 62.87058668) (61.81921550 23.81928294 61.51992161) (60.54606028 24.52395793 60.20403362) (59.01458714 24.87362554 58.99700734) (63.12270453 17.58795158 65.51486792) (63.53349943 19.33194496 65.07379796) (63.50252367 21.00873672 64.15654551) (62.87177539 22.41172569 62.93760208) (61.95934504 23.49165361 61.63369060) (60.74595628 24.24527978 60.32493283) (59.26733381 24.65675537 59.12842537) (63.00548381 17.29589417 65.45224466) (63.40778882 19.02991368 65.09771715) (63.48253660 20.70643707 64.29316338) (62.94401636 22.13571985 63.09514415) (62.07408936 23.25963099 61.80270739) (60.92820371 24.05722760 60.52644084) (59.50574386 24.53368284 59.31676740) (62.89977313 16.98091435 65.43398745) (63.31829366 18.74419712 65.15271772) (63.47537014 20.44641401 64.45308909) (63.02888529 21.90309372 63.26862168) (62.23491295 23.05945239 62.02879450) (61.12373807 23.91188159 60.75552364) (59.74481673 24.45184185 59.51422764) (62.79705011 16.70262999 65.42561538) (63.23953043 18.45813662 65.22286289) (63.47768492 20.20572265 64.59172740) (63.13010861 21.67993511 63.45012807) (62.37027151 22.89753643 62.22917986) (61.29975252 23.79729514 60.95835842) (59.96774038 24.38183791 59.69811038) (62.70842857 16.41552300 65.41547610) (63.16840431 18.18457587 65.28752588) (63.47675900 19.94319131 64.71572199) (63.23587106 21.45912074 63.62931496) (62.50660949 22.70747677 62.43868378) (61.47233210 23.68514611 61.14405130) (60.18323523 24.30651482 59.87770001) (62.61211126 16.15276123 65.39724971) (63.09334734 17.91205778 65.35307884) (63.47102196 19.69176641 64.82697970) (63.32126312 21.22737873 63.83063172) (62.63243832 22.52608985 62.64803247) (61.66259245 23.54649290 61.35354095) (60.41385334 24.21638062 60.07461260) (58.93017975 24.53404989 58.92140614) (63.01406425 17.59819341 65.39197894) (63.41768312 19.31366702 64.95825611) (63.38945733 20.91881966 64.08031611) (62.77282091 22.29246690 62.88789344) (61.87329334 23.35738561 61.60291727) (60.68596698 24.09441536 60.32173777) (59.23609115 24.49888050 59.14803747) (62.91003382 17.10289473 65.41080430) (63.31611786 18.85761208 65.10282790) (63.44682742 20.52185698 64.37770259) (62.96392777 21.96735082 63.19347835) (62.15488168 23.09642630 61.94501528) (61.02521208 23.92846535 60.66770745) (59.63840380 24.44538052 59.44508713) (62.76587133 16.63767929 65.41557252) (63.20784675 18.37728401 65.23857820) (63.46736348 20.13735323 64.61655123) (63.14892127 21.61043531 63.49520399) (62.39886506 22.83895648 62.27872367) (61.33833097 23.75641019 61.01013604) (60.02069020 24.34993550 59.74682576) (62.60714360 16.15460469 65.39324121) (63.08798434 17.91245689 65.34916858) (63.46542548 19.69092417 64.82346446) (63.31586223 21.22407540 63.82855981) (62.62747677 22.52183664 62.64679242) (61.65872488 23.54112108 61.35375390) (60.41053955 24.21069429 60.07539596) (58.92819163 24.52802989 58.92325309) (62.99364258 17.48632338 65.39700956) (63.39164437 19.19561029 64.99335023) (63.40438548 20.83580990 64.14078558) (62.81563173 22.22114816 62.95375610) (61.93866348 23.29231397 61.68328129) (60.77467927 24.05306373 60.41240538) (59.33992609 24.48525380 59.22175127) (62.87729342 16.98935403 65.41461761) (63.29423932 18.74687235 65.13361727) (63.45016930 20.43756773 64.43800525) (63.00462266 21.88719007 63.25887099) (62.21366605 23.03795351 62.02408824) (61.10567921 23.88714023 60.75463389) (59.73067303 24.42501341 59.51765895) (62.73521491 16.52635691 65.40907279) (63.18424985 18.28904248 65.26006342) (63.46951835 20.03404342 64.66542990) (63.18996862 21.53256039 63.56371646) (62.45931410 22.76208893 62.36773567) (61.40766743 23.71152241 61.08400646) (60.11299886 24.31759686 59.82473474))
		spline 19 21 ((62.62318693 16.05502849 65.42728995) (63.11298012 17.82954835 65.40545619) (63.50176122 19.60994844 64.88384784) (63.37458515 21.18261154 63.90158975) (62.69515337 22.50665027 62.71375164) (61.73129565 23.55022696 61.40328197) (60.49704100 24.23154878 60.12774581) (59.01551255 24.56965308 58.96059692) (62.88284329 17.61897416 65.32717131) (63.28324379 19.32043046 64.89782818) (63.25389528 20.86573765 64.04948934) (62.64916019 22.20873874 62.88315395) (61.76097214 23.25917863 61.61554103) (60.59572378 23.98068044 60.35874426) (59.17372857 24.37647830 59.20847943) (62.73049508 17.34725805 65.32787112) (63.12635061 19.05480101 64.97982319) (63.19710091 20.61693432 64.22803616) (62.68356513 21.97490802 63.08961752) (61.84437780 23.06108344 61.84191582) (60.73413720 23.83370600 60.60455686) (59.37283715 24.29038104 59.44663607) (62.62133509 17.06280339 65.33655915) (63.02904641 18.78346482 65.06041438) (63.17935008 20.38994421 64.39915284) (62.75204798 21.77248904 63.27403893) (61.98899680 22.88476209 62.08108576) (60.91252838 23.71014121 60.84726847) (59.58082964 24.23106857 59.64873869) (62.51588174 16.78793450 65.33963096) (62.94732585 18.50030796 65.14184504) (63.17822491 20.16760392 64.54077153) (62.85235845 21.55244065 63.46817919) (62.11411636 22.73804342 62.28087462) (61.08105199 23.60573069 61.05426968) (59.79736406 24.16986159 59.83869408) (62.42809239 16.50764744 65.33392525) (62.87750536 18.23761271 65.20821180) (63.17616959 19.91889865 64.66298013) (62.95450814 21.33964020 63.64620087) (62.23662172 22.56757536 62.47418068) (61.25467802 23.49517038 61.24535162) (60.00577042 24.09932769 60.01664448) (62.33211293 16.24729635 65.31731301) (62.80173446 17.96409242 65.27574738) (63.17079045 19.69169329 64.76708927) (63.02785831 21.14041768 63.82184417) (62.36090674 22.38906870 62.68298440) (61.42877376 23.36861638 61.43964899) (60.21959539 24.01642251 60.20112914) (58.78784339 24.32126745 59.08930440) (62.72101012 17.64556127 65.31713646) (63.12083818 19.34609684 64.89074896) (63.09314365 20.84296594 64.06726819) (62.50258809 22.15442189 62.92843514) (61.62634106 23.19239067 61.67719423) (60.48372927 23.89985092 60.44409142) (59.08971561 24.28868657 59.31572330) (62.62215930 17.17526337 65.33585850) (63.02086826 18.89903036 65.03327198) (63.14626234 20.47357437 64.34521792) (62.68518289 21.84395441 63.22177050) (61.90718055 22.93248442 62.01913032) (60.81039628 23.74042300 60.77825191) (59.47889509 24.23767451 59.60364631) (62.48104601 16.72117219 65.34054386) (62.91532963 18.43085614 65.16584863) (63.16565422 20.10798262 64.57371767) (62.86864442 21.49012327 63.52158072) (62.13713467 22.69025251 62.33449247) (61.11430200 23.57387533 61.11121954) (59.83882800 24.14822545 59.88812341) (62.32582563 16.24924608 65.31821432) (62.79537428 17.96580802 65.27665072) (63.16429590 19.69256709 64.76829102) (63.02150744 21.14005965 63.82382249) (62.35474862 22.38820080 62.68534954) (61.42347684 23.36680060 61.44317738) (60.21475738 24.01432879 60.20514868) (58.78412404 24.31887915 59.09421017) (62.70164518 17.54131726 65.32325983) (63.09619665 19.23683707 64.92452561) (63.10593733 20.77021659 64.12202264) (62.54218438 22.08868575 62.99125394) (61.69170064 23.12803623 61.75909692) (60.56941340 23.86077543 60.53330601) (59.19611421 24.27586084 59.39262714) (62.59266123 17.07364548 65.33974908) (62.99995808 18.79333230 65.06314846) (63.14919226 20.39366389 64.40320425) (62.72299260 21.76960418 63.28303500) (61.96133856 22.87869607 62.09259907) (60.88662878 23.70164345 60.86109368) (59.55893143 24.22032464 59.66710178) (62.45075817 16.61116339 65.33411908) (62.89175130 18.34287556 65.18745195) (63.16770865 20.00954958 64.62029909) (62.91002783 21.41161213 63.59074431) (62.19153721 22.62122792 62.41442119) (61.18681614 23.52704657 61.18850144) (59.92996403 24.11634860 59.96517413))
	arc 20 21 (58.70097472 24.42887008 58.86844878) // arc 20 21 origin 1 (58.57140000 24.71750000 59.11320000)
	arc 19 22 (62.47271815 16.00300573 65.33506905) // arc 19 22 origin 1 (62.31980000 16.02550000 65.70400000)
		spline 22 23 ((62.35340770 16.14019674 65.31027985) (62.83264978 17.87627125 65.29162427) (63.21212691 19.61076840 64.78466554) (63.08850919 21.08202727 63.85952812) (62.43077706 22.35234523 62.71832910) (61.50571853 23.35191818 61.46256456) (60.31209525 24.00952258 60.22886588) (58.88984215 24.33342502 59.10935539) (62.58414374 17.67443918 65.36496070) (62.98721258 19.38745209 64.93782136) (62.95711801 20.86207513 64.12456042) (62.37460905 22.15053550 63.00546456) (61.50514992 23.18077800 61.76431657) (60.37512440 23.87929265 60.54524428) (58.99950238 24.26228439 59.43282475) (62.45146730 17.40924923 65.43753617) (62.85513402 19.14998212 65.08521743) (62.92033433 20.67309655 64.34623891) (62.42331007 21.97875605 63.25079545) (61.60524809 23.04150335 62.03207215) (60.50847501 23.80472056 60.80940375) (59.18537196 24.24754647 59.68485411) (62.35992288 17.14539338 65.47282500) (62.77064292 18.87998446 65.19322035) (62.91616331 20.46484042 64.53644491) (62.50412041 21.79794428 63.45183033) (61.74841318 22.90053317 62.26975644) (60.68443142 23.71328478 61.05144419) (59.38683292 24.21908799 59.88527107) (62.25891705 16.86601363 65.48659568) (62.69505676 18.59853440 65.28480554) (62.92198136 20.24019654 64.69175292) (62.61077565 21.58513498 63.65336737) (61.87939141 22.76269623 62.47586761) (60.85950924 23.61829483 61.26518857) (59.60773641 24.16902520 60.07904068) (62.17511689 16.59089872 65.48491682) (62.62801837 18.33779792 65.35465290) (62.92257807 19.99629931 64.81603668) (62.71191951 21.38193032 63.82810231) (61.99280588 22.61010228 62.65437815) (61.04090301 23.50789411 61.46413045) (59.81496700 24.10341751 60.25602526) (62.07630001 16.31922225 65.46934012) (62.55139934 18.05719513 65.42538040) (62.91859902 19.76449594 64.92464906) (62.77829474 21.20358333 63.98753653) (62.11719607 22.43418689 62.86269330) (61.20504597 23.39071776 61.64745475) (60.01702198 24.02686571 60.43043413) (58.61220895 24.32512790 59.34003028) (62.46380020 17.70080136 65.47371685) (62.87317693 19.44103192 65.04364457) (62.84302295 20.91890944 64.22663585) (62.26680650 22.19215856 63.12003058) (61.40156603 23.21989061 61.88321794) (60.27784253 23.91537826 60.67013431) (58.91328008 24.29576869 59.56581564) (62.36869429 17.24519317 65.49267413) (62.77326168 18.99250726 65.18715142) (62.89521828 20.56191218 64.49654254) (62.44944475 21.88325760 63.41310429) (61.67735729 22.96566881 62.21864448) (60.59382531 23.76196156 60.99356315) (59.29466907 24.24660726 59.84799607) (62.22653747 16.78751783 65.49722662) (62.67012670 18.53442154 65.31709530) (62.91598960 20.18025613 64.73548896) (62.63239269 21.53135749 63.71187178) (61.90613776 22.72533756 62.53231890) (60.89683267 23.59638017 61.32552412) (59.64810402 24.15919955 60.12735084) (62.07237608 16.32013613 65.47462326) (62.54776768 18.05922224 65.43056819) (62.91501082 19.76657391 64.92986383) (62.77471415 21.20638034 63.99240621) (62.11344873 22.43721271 62.86727816) (61.20142256 23.39352168 61.65223170) (60.01349379 24.02959107 60.43533525) (58.60893711 24.32777033 59.34512115) (62.44588150 17.59993290 65.48097785) (62.85130427 19.34148281 65.07553163) (62.85720058 20.84526089 64.28396155) (62.30893113 22.12505534 63.18617958) (61.46682157 23.15757400 61.96472463) (60.35793034 23.88049763 60.75378680) (59.01855271 24.28469627 59.64186534) (62.34220310 17.15351688 65.49664749) (62.75385304 18.89255269 65.21583590) (62.89865598 20.48023585 64.55637962) (62.48670675 21.81099829 63.47324897) (61.72960816 22.91439065 62.28945625) (60.66463257 23.72665286 61.07042127) (59.36836767 24.23119084 59.90646178) (62.19737263 16.68134666 65.49094988) (62.64432825 18.43702506 65.34121650) (62.91802888 20.08484471 64.78066270) (62.67441478 21.45174804 63.78205930) (61.95337931 22.66551764 62.60162447) (60.97263337 23.54756870 61.40628668) (59.73541029 24.12870819 60.20122902))
	arc 21 23 (58.51697899 24.32198636 59.08855619) // arc 21 23 origin 1 (58.57140000 24.71750000 59.11320000)
	arc 22 24 (62.17892387 16.08909144 65.33506905) // arc 22 24 origin 1 (62.31980000 16.02550000 65.70400000)
		spline 24 25 ((62.08040213 16.21435411 65.42730324) (62.56394744 17.96577340 65.40787505) (62.94128059 19.68260418 64.90798512) (62.82052865 21.12623343 64.00080117) (62.17244779 22.37029349 62.88163763) (61.27462417 23.34052321 61.66304243) (60.09956174 23.98793928 60.44815906) (58.71119197 24.30332055 59.35614207) (62.40158001 17.72185597 65.60609959) (62.81881686 19.49374947 65.17035003) (62.78603996 20.99989460 64.33778313) (62.20895031 22.27121065 63.23288601) (61.34173555 23.30237775 61.99286651) (60.21338226 24.00050802 60.77518372) (58.84671459 24.38106690 59.67004286) (62.33185117 17.44555413 65.71699952) (62.75301404 19.25970121 65.35216136) (62.81436296 20.84202470 64.57853007) (62.31570505 22.14500983 63.48426209) (61.49677916 23.21236046 62.26178538) (60.38340699 23.98725056 61.02098499) (59.05316286 24.43027103 59.89187661) (62.26866823 17.18030424 65.76296229) (62.69445245 18.97721615 65.47333968) (62.83998106 20.62722944 64.78454146) (62.43033519 21.96454811 63.69784808) (61.65409271 23.09752714 62.48428582) (60.57306329 23.91947085 61.24844743) (59.27646722 24.42291816 60.08526733) (62.17668246 16.89112968 65.78041958) (62.63049898 18.69527622 65.56800007) (62.85905825 20.38097672 64.95622873) (62.54687614 21.75886619 63.89721189) (61.80359535 22.95705358 62.69993458) (60.76490099 23.82762766 61.46756168) (59.50993875 24.37981869 60.27835840) (62.09769170 16.61650936 65.78000200) (62.56608944 18.42644435 65.64106597) (62.86453491 20.13005303 65.08523320) (62.65021030 21.56121813 64.06846388) (61.91798598 22.81014584 62.87371895) (60.95623356 23.71586391 61.67223014) (59.72259504 24.31638851 60.45561635) (61.99452423 16.32640572 65.76427562) (62.48898489 18.13682760 65.71432492) (62.86217799 19.86752754 65.20736267) (62.71876338 21.37987411 64.23064845) (62.04406871 22.63501480 63.08188813) (61.12246578 23.59985034 61.85522844) (59.92479785 24.24159272 60.62820382) (58.50616069 24.54336985 59.52671197) (62.39310456 17.73155478 65.76999743) (62.81977598 19.54286058 65.32737876) (62.78561255 21.10216348 64.46506369) (62.20359378 22.38357129 63.35044574) (61.33063842 23.42377635 62.10030251) (60.18891243 24.13190165 60.86745356) (58.81013810 24.51597826 59.75181378) (62.29811515 17.27172019 65.78939071) (62.71834271 19.08328530 65.47432573) (62.84075343 20.73512331 64.74303253) (62.39480557 22.06223712 63.65539899) (61.60003927 23.17654049 62.42668506) (60.50236349 23.98046404 61.18751478) (59.19364284 24.46694607 60.03499965) (62.15143337 16.79785185 65.79383817) (62.61587450 18.62731301 65.60371998) (62.86461979 20.31183693 65.00710167) (62.57855914 21.70998354 63.95460727) (61.84118918 22.92365929 62.75631891) (60.81331355 23.81074169 61.52751305) (59.56024178 24.37642932 60.32437186) (61.99526226 16.32574841 65.77084580) (62.49020914 18.13797877 65.72075822) (62.86359807 19.86959244 65.21353572) (62.72005052 21.38418770 64.23555690) (62.04492728 22.64016184 63.08600696) (61.12263842 23.60563146 61.85845568) (59.92464626 24.24754069 60.63111551) (58.50525297 24.54949510 59.52900577) (62.37617442 17.62783406 65.77777455) (62.80042185 19.44824745 65.35791102) (62.80388184 21.01698286 64.53174070) (62.25250857 22.30895211 63.42434822) (61.39575739 23.36362446 62.17971050) (60.26411401 24.10067734 60.94469312) (58.91125471 24.50658441 59.82346551) (62.27263400 17.18218066 65.79340388) (62.70008919 18.98641155 65.50223735) (62.84532119 20.64657091 64.80780332) (62.43417814 21.98712428 63.71808812) (61.65421938 23.12412787 62.49934352) (60.56973293 23.94751829 61.25999539) (59.27061142 24.45124674 60.09552511) (62.12348808 16.69579430 65.78769585) (62.58691778 18.51633949 65.63128389) (62.86673806 20.21582194 65.05258189) (62.62114838 21.62945704 64.02559170) (61.88435007 22.86901379 62.81968435) (60.89058446 23.76106722 61.60978653) (59.64330456 24.34743554 60.39462166))
	arc 23 25 (58.36486235 24.44678917 59.32309961) // arc 23 25 origin 1 (58.57140000 24.71750000 59.11320000)
	arc 24 26 (61.96765291 16.13792614 65.55118380) // arc 24 26 origin 1 (62.31980000 16.02550000 65.70400000)
		spline 26 27 ((61.96409318 16.23406023 65.70980939) (62.46427527 18.04562566 65.68611040) (62.84788035 19.78337536 65.18156764) (62.72762289 21.28933466 64.24265306) (62.07149134 22.54998120 63.10801332) (61.17338450 23.52271706 61.88727839) (59.98393972 24.17944207 60.65716638) (58.58421286 24.49697446 59.55639266) (62.44209547 17.73344842 65.90933208) (62.87670057 19.57705504 65.45920204) (62.84087633 21.19846328 64.56425449) (62.24922461 22.50007431 63.43219792) (61.36645496 23.55274639 62.16730940) (60.20524372 24.27332022 60.91386717) (58.80486619 24.66324463 59.78117463) (62.44171619 17.43490583 66.00255534) (62.87981118 19.31968632 65.62428285) (62.94126340 21.02476293 64.78883662) (62.42378364 22.37628015 63.65325585) (61.58251064 23.47356901 62.39649261) (60.43219629 24.27437240 61.11535916) (59.05365614 24.73151716 59.94643260) (62.40102687 17.14708565 66.03701255) (62.84510634 19.01820288 65.73668228) (62.99542986 20.78198599 64.99811091) (62.57391471 22.17470628 63.86797832) (61.76128705 23.36034761 62.59900550) (60.64366193 24.20791841 61.32287636) (59.31438327 24.72315815 60.13157236) (62.31734989 16.84857001 66.04898462) (62.79146957 18.73386338 65.82553711) (63.02631508 20.50747735 65.17927260) (62.69809139 21.97186489 64.05687193) (61.93112849 23.20726357 62.82182014) (60.85264748 24.11110486 61.54284158) (59.56125962 24.67876209 60.31988962) (62.24117143 16.56947700 66.04632390) (62.72799569 18.45162413 65.89967412) (63.03604100 20.24180869 65.31287801) (62.80552894 21.77247926 64.22648504) (62.05599051 23.05052323 63.00371622) (61.05026790 23.99725389 61.74774870) (59.78276477 24.61348518 60.49849999) (62.13468874 16.26463877 66.02935029) (62.65105266 18.15634222 65.97332116) (63.03457804 19.94043359 65.44962030) (62.88413688 21.56602127 64.40876828) (62.18436168 22.87391015 63.21216753) (61.22940755 23.87350710 61.94125905) (59.99694666 24.53481938 60.67858740) (58.53182025 24.84815011 59.53999386) (62.55033575 17.71980659 66.03242106) (62.99191688 19.59193298 65.57574389) (62.95454267 21.28538034 64.64288389) (62.34997909 22.61653310 63.48470656) (61.45510666 23.68461439 62.20128273) (60.26903302 24.42258464 60.92046223) (58.84070885 24.82031950 59.76476253) (62.45176618 17.23930527 66.05219570) (62.88828214 19.11818792 65.72657210) (63.01477258 20.89174302 64.94029741) (62.55327223 22.27604918 63.80672165) (61.72051832 23.44157370 62.52138472) (60.58958792 24.26793465 61.24649255) (59.23499620 24.76961948 60.05511287) (62.29972867 16.74612071 66.05662748) (62.78435325 18.65511599 65.85782180) (63.04163652 20.42564677 65.22944877) (62.73867873 21.92136469 64.10759601) (61.98033494 23.16904352 62.87527633) (60.91266903 24.09138981 61.59886396) (59.62670980 24.67266450 60.36377424) (62.13965640 16.26279531 66.03335879) (62.65641566 18.15594311 65.97723142) (63.04017452 19.94127583 65.45313554) (62.88953777 21.56932460 64.41084019) (62.18932323 22.87816336 63.21340758) (61.23327512 23.87887892 61.94104610) (60.00026045 24.54050571 60.67780404) (58.53380837 24.85417011 59.53814691) (62.53335742 17.60867662 66.03979044) (62.97335563 19.49458971 65.60624977) (62.97721452 21.18479010 64.72021442) (62.40596827 22.53265184 63.56624390) (61.52013652 23.62548603 62.27811871) (60.34292073 24.39233627 60.99419462) (58.93707391 24.81154620 59.83104873) (62.42470658 17.14284597 66.05618239) (62.87016068 19.01992765 65.75458273) (63.02043070 20.79523227 65.01019475) (62.59617734 22.19480993 63.87412901) (61.77933395 23.38504649 62.59931176) (60.65752079 24.23485977 61.31876611) (59.32292697 24.75158659 60.12354105) (62.27238509 16.64604309 66.05052721) (62.75315015 18.53435752 65.88773658) (63.04388165 20.32575658 65.27677010) (62.78143138 21.84063961 64.17868354) (62.02488590 23.11251107 62.94086433) (60.98873257 24.04247759 61.67979354) (59.70760114 24.64440314 60.43206526))
	arc 25 27 (58.33373267 24.73017071 59.43468669) // arc 25 27 origin 1 (58.57140000 24.71750000 59.11320000)
	arc 26 28 (61.96266494 16.12090314 65.85681620) // arc 26 28 origin 1 (62.31980000 16.02550000 65.70400000)
		spline 28 29 ((62.07261307 16.18777151 65.99231005) (62.59201988 18.06905165 65.96334381) (62.98663878 19.85405156 65.44515216) (62.86421485 21.47578846 64.44341025) (62.18704663 22.78614973 63.26484836) (61.26130435 23.79177304 62.00391803) (60.03295900 24.47185122 60.73345419) (58.58328745 24.80094692 59.59280308) (62.68195671 17.70242584 66.09702869) (63.12695621 19.58856954 65.63517182) (63.08950472 21.34146235 64.67131066) (62.47183981 22.70306126 63.48664605) (61.56482786 23.78522137 62.18545897) (60.35547622 24.53791956 60.88005574) (58.89847143 24.94352170 59.70112057) (62.71670492 17.38354195 66.12692888) (63.16124939 19.29479899 65.74217681) (63.22669909 21.11426568 64.85396384) (62.68423487 22.53709198 63.65878248) (61.81222220 23.67211656 62.35728418) (60.62626280 24.49789400 61.03724314) (59.18656285 24.97481896 59.81656393) (62.67946491 17.06519661 66.13444085) (63.13435359 18.97893518 65.82898562) (63.29144992 20.83845579 65.05204716) (62.85075202 22.30531096 63.86256107) (62.00720320 23.53503791 62.54671424) (60.85487162 24.40965879 61.23113153) (59.47837036 24.94393143 59.99706131) (62.59851826 16.76326550 66.13496904) (63.08367415 18.69169204 65.90655496) (63.32577509 20.54559608 65.23022847) (62.97584155 22.09935935 64.03882081) (62.18728364 23.36675658 62.77012538) (61.07134801 24.30266931 61.44693032) (59.73163594 24.89073841 60.17930592) (62.52150761 16.47735256 66.12787475) (63.01889464 18.39858729 65.97898820) (63.33663041 20.26610135 65.36561987) (63.08689186 21.89195980 64.20959913) (62.32597828 23.19042464 62.96821932) (61.26792198 24.18722962 61.64644838) (59.96022958 24.82067231 60.35955552) (62.41468707 16.17010365 66.10928699) (62.94266554 18.10430758 66.05065262) (63.33480955 19.94050671 65.50951073) (63.17754169 21.65298232 64.41755583) (62.45589326 23.01093130 63.17721560) (61.46322624 24.05138362 61.85515101) (60.19120461 24.73477749 60.55207086) (58.67415661 25.06093255 59.37209560) (62.84338988 17.67243873 66.10726354) (63.28876182 19.55950316 65.64325104) (63.25085635 21.36123406 64.65593181) (62.62021191 22.75457811 63.44416486) (61.70205894 23.84960933 62.12700577) (60.47127073 24.61714908 60.79810858) (58.98708439 25.03051343 59.59707670) (62.73964070 17.16693663 66.12714150) (63.18353174 19.07676964 65.79612802) (63.31533766 20.94002563 64.97278208) (62.83201711 22.39944559 63.77842950) (61.96821945 23.60551558 62.44726968) (60.80440372 24.45597700 61.13594809) (59.39450491 24.97732549 59.89655369) (62.58455399 16.66262781 66.13165614) (63.07687037 18.60154386 65.93055137) (63.34334578 20.45501738 65.27228233) (63.01895558 22.04167673 64.08121928) (62.24206533 23.31774749 62.81950753) (61.13669800 24.27392467 61.49778046) (59.80857200 24.87437455 60.22247659) (62.42097437 16.16815392 66.10838568) (62.94902572 18.10259198 66.04974928) (63.34130410 19.93963291 65.50830898) (63.18389256 21.65334035 64.41557751) (62.46205138 23.01179920 63.17485046) (61.46852316 24.05319940 61.85162262) (60.19604262 24.73687121 60.54805132) (58.67787596 25.06332085 59.36718983) (62.82535482 17.55368274 66.11354017) (63.26880335 19.45336293 65.67507439) (63.27566267 21.25038341 64.73897736) (62.67941562 22.66511425 63.52874606) (61.76709936 23.78976377 62.20230308) (60.54818660 24.58462457 60.87329399) (59.08088579 25.02093916 59.66017286) (62.70933877 17.05855452 66.13105092) (63.16444192 18.97346770 65.82505154) (63.32140774 20.83913611 65.04499575) (62.87780740 22.31239582 63.84996500) (62.03166144 23.54430393 62.53080093) (60.87657122 24.42035655 61.21230632) (59.49466857 24.95627536 59.97409822) (62.55684183 16.56123661 66.12548092) (63.04564870 18.48052444 65.96034805) (63.34569135 20.35025042 65.32190091) (63.06137217 21.96158787 64.15165569) (62.29266279 23.25337208 62.89417881) (61.20958386 24.22695343 61.57529856) (59.89063597 24.84565140 60.29162587))
	arc 27 29 (58.44182528 25.00612992 59.35795122) // arc 27 29 origin 1 (58.57140000 24.71750000 59.11320000)
	arc 28 30 (62.16688185 16.04799427 66.07293095) // arc 28 30 origin 1 (62.31980000 16.02550000 65.70400000)
		spline 30 31 ((62.34239230 16.10260326 66.10932015) (62.87235022 18.02232875 66.07717573) (63.27627309 19.85323160 65.54433446) (63.15029081 21.57637273 64.48547188) (62.45142294 22.94045477 63.26027090) (61.48688147 23.99008182 61.94463544) (60.21790475 24.69387742 60.63233412) (58.70895785 25.03717498 59.44404461) (62.98065626 17.64696082 66.05923930) (63.42298742 19.52154791 65.59517864) (63.38628199 21.34512487 64.59623958) (62.74639095 22.76126450 63.36433544) (61.82065008 23.86362200 62.03668343) (60.57607560 24.63930735 60.69355572) (59.07269762 25.05771561 59.47677525) (62.99573270 17.32155077 66.01726383) (63.43246598 19.19961788 65.63678257) (63.50346567 21.05810345 64.73576109) (62.94448993 22.53324395 63.49760455) (62.05135191 23.69169665 62.16712785) (60.85192499 24.52687944 60.83239625) (59.37402804 25.01765353 59.57834589) (62.94087712 16.98260662 65.99817500) (63.39275708 18.88241554 65.69617965) (63.55463669 20.76355958 64.91475509) (63.09867959 22.27985572 63.68476967) (62.24778682 23.51926683 62.35804356) (61.08296858 24.40651522 61.02695581) (59.67236708 24.95591201 59.76052893) (62.85548295 16.68518637 65.98800432) (63.33594324 18.59346560 65.76359446) (63.58201864 20.47300346 65.07924708) (63.21742435 22.06666502 63.85363263) (62.42200859 23.34210377 62.57513239) (61.29289076 24.29010517 61.23601143) (59.92126359 24.89157480 59.93895932) (62.77448311 16.39410128 65.97688318) (63.26838163 18.29840208 65.83254710) (63.59022193 20.18870069 65.21256332) (63.32948049 21.84966968 64.02769769) (62.56979412 23.14789772 62.78802185) (61.48169699 24.17450589 61.42766955) (60.15103300 24.81658249 60.12017474) (62.67049999 16.09817775 65.95725988) (63.19300066 18.01120487 65.90101960) (63.58700098 19.86770406 65.35195094) (63.42710526 21.58981667 64.25186347) (62.69960393 22.96581311 62.99750670) (61.68695403 24.02928224 61.64734525) (60.39377802 24.72433429 60.32276587) (58.84979105 25.05707210 59.12136972) (63.10059980 17.61719864 65.95068315) (63.53642307 19.46456808 65.49035543) (63.50097705 21.28529056 64.49656415) (62.85599350 22.71684144 63.25256942) (61.92683397 23.82210939 61.92098206) (60.67715747 24.60162174 60.57206569) (59.16351992 25.02343131 59.34698436) (62.99310571 17.09700683 65.97032587) (63.43113832 18.98329274 65.64224858) (63.56638172 20.85168782 64.82145746) (63.06775525 22.36014240 63.58709571) (62.19804271 23.57233119 62.24775552) (61.02097469 24.43443844 60.92063685) (59.57873093 24.96839274 59.65220393) (62.83906253 16.59628217 65.97497338) (63.32207330 18.49797846 65.77930470) (63.59301040 20.38274387 65.11051104) (63.25520731 22.00044251 63.89092822) (62.47306224 23.28266244 62.62168110) (61.35416733 24.25141983 61.28347588) (59.99929598 24.86340045 59.98324916) (62.67442392 16.09726387 65.95197674) (63.19663232 18.00917776 65.89583181) (63.59058918 19.86562609 65.34673617) (63.43068585 21.58701966 64.24699379) (62.70335127 22.96278729 62.99292184) (61.69057744 24.02647832 61.64256830) (60.39730621 24.72160893 60.31786475) (58.85306289 25.05442967 59.11627885) (63.08111850 17.49506710 65.95582215) (63.51369573 19.34871719 65.52406837) (63.52439942 21.17533911 64.57703845) (62.91266887 22.62874466 63.33382042) (61.99197843 23.76022600 61.99667537) (60.75966966 24.56490237 60.65281320) (59.25844729 25.01210373 59.41093466) (62.95979690 16.97868312 65.97415251) (63.41054696 18.87424731 65.67236410) (63.57194402 20.75256415 64.89182038) (63.11409325 22.27100171 63.65975103) (62.26339184 23.50860935 62.33394375) (61.09856743 24.39534714 61.00297873) (59.68523233 24.94540916 59.73473822) (62.81022737 16.49105334 65.96865012) (63.29307175 18.38637494 65.80658350) (63.59537112 20.27495529 65.16153730) (63.29698522 21.92145196 63.96034070) (62.53082069 23.20908236 62.70697553) (61.42376663 24.20643130 61.35751332) (60.08518971 24.83329181 60.05557098))
	arc 29 31 (58.62582101 25.11301364 59.13784381) // arc 29 31 origin 1 (58.57140000 24.71750000 59.11320000)
	arc 30 32 (62.46067613 15.96190856 66.07293095) // arc 30 32 origin 1 (62.31980000 16.02550000 65.70400000)
		spline 32 33 ((62.61539787 16.02844589 65.99229676) (63.14105256 17.93282660 65.96092495) (63.54711941 19.78139582 65.42101488) (63.41827135 21.53216657 64.34419883) (62.70975221 22.92250651 63.09696237) (61.71797583 24.00147679 61.74415757) (60.43043826 24.71546072 60.41304094) (58.88760803 25.06727945 59.19725793) (63.16321999 17.59954403 65.81810041) (63.59138314 19.41525053 65.36264997) (63.55736004 21.20730540 64.38301687) (62.91204969 22.64058935 63.13691399) (61.98406445 23.74202225 61.80813349) (60.73781774 24.51809198 60.46361628) (59.22548541 24.93893310 59.23955714) (63.11534883 17.28524587 65.73780048) (63.53458596 19.08989879 65.36983864) (63.60943704 20.88917530 64.50346993) (63.05209495 22.36699017 63.26413791) (62.15982084 23.52083954 61.93741462) (60.97699301 24.34434944 60.62081501) (59.50623714 24.83492897 59.37132339) (63.03213177 16.94769576 65.70803771) (63.46894755 18.78518385 65.41606032) (63.63081894 20.60117056 64.66665854) (63.17246481 22.11325189 63.43875192) (62.34210729 23.32227286 62.14351418) (61.19433671 24.20032915 60.82995257) (59.78273278 24.75208184 59.56053267) (62.93771754 16.66007032 65.69418042) (63.40050102 18.49672378 65.48039993) (63.64494175 20.33222328 64.81477127) (63.28132386 21.89293381 63.60978811) (62.49780465 23.14774642 62.35106542) (61.38749901 24.08077234 61.03363832) (60.01906125 24.68078131 59.73964160) (62.85190830 16.36849064 65.68179800) (63.33031056 18.20975565 65.54613403) (63.64826509 20.05494697 64.94336680) (63.39118970 21.67038187 63.78733612) (62.64461402 22.94785416 62.56868105) (61.56636644 23.96653609 61.21956986) (60.24340496 24.60361149 59.92058365) (62.75227577 16.09099428 65.66232438) (63.25541511 17.93157240 65.61207508) (63.64342201 19.76467246 65.06923733) (63.48663662 21.41352589 64.00875155) (62.77273129 22.76498520 62.77831187) (61.76953422 23.82014966 61.43957156) (60.48600215 24.50960728 60.12499618) (58.95583931 24.83883015 58.93468803) (63.17129544 17.58644522 65.65440257) (63.58982402 19.36273942 65.20662124) (63.55838745 21.10203652 64.25813631) (62.91920622 22.52542871 63.02215426) (61.99776158 23.61822365 61.70389749) (60.76608757 24.38509835 60.37474644) (59.26666190 24.80322174 59.16098622) (63.06368485 17.07047981 65.67360929) (63.48605729 18.89251470 65.35507427) (63.62084657 20.67847669 64.57496747) (63.12239443 22.18116288 63.34480101) (62.27536073 23.36145951 62.03971494) (61.11243651 24.21593596 60.72668522) (59.67975716 24.74805393 59.46520035) (62.91416663 16.58594815 65.67836183) (63.37632550 18.40508699 65.49268002) (63.64438021 20.25116307 64.83889833) (63.30904086 21.82181646 63.64819273) (62.53801082 23.08434071 62.39768109) (61.43768645 24.03705831 61.08148695) (60.08715822 24.64617068 59.78622814) (62.75153774 16.09165159 65.65575420) (63.25419086 17.93042123 65.60564178) (63.64200193 19.76260756 65.06306428) (63.48534948 21.40921230 64.00384310) (62.77187272 22.75983816 62.77419304) (61.76936158 23.81436854 61.43634432) (60.48615374 24.50365931 60.12208449) (58.95674703 24.83270490 58.93239423) (63.15082558 17.46716594 65.65902545) (63.56457815 19.24195255 65.24168898) (63.57771816 21.00361714 64.32925930) (62.96909143 22.44484789 63.09565178) (62.06304261 23.55417554 61.78168950) (60.85348599 24.34472266 60.46190688) (59.36574529 24.79021559 59.22933449) (63.02936600 16.95001934 65.67739612) (63.46431081 18.78038845 65.38596265) (63.62527881 20.58622909 64.64039668) (63.16662186 22.09487572 63.41491188) (62.33878062 23.29887213 62.12405648) (61.19346707 24.17448171 60.81340461) (59.78298858 24.72535326 59.54567489) (62.88411192 16.47660570 65.67190415) (63.35048222 18.30706051 65.51651611) (63.64666194 20.14397806 64.88961811) (63.35025162 21.74374296 63.71680830) (62.59984993 23.00558621 62.48891565) (61.50581554 23.99293278 61.15401347) (60.17729544 24.61456446 59.86217834))
	arc 31 33 (58.77793765 24.98821083 58.90330039) // arc 31 33 origin 1 (58.57140000 24.71750000 59.11320000)
	arc 32 18 (62.67194709 15.91307386 65.85681620) // arc 32 18 origin 1 (62.31980000 16.02550000 65.70400000)
	arc 33 20 (58.80906733 24.70482929 58.79171331) // arc 33 20 origin 1 (58.57140000 24.71750000 59.11320000)
);

boundary
(
);

faces
(
);

mergePatchPairs
(
);

scale 1;

// * * * * * * * * * * * * * * * * * * * * * * * * * * * * * * * * * * * * * //
// Created with classy_blocks: https://github.com/damogranlabs/classy_blocks //
// * * * * * * * * * * * * * * * * * * * * * * * * * * * * * * * * * * * * * //
